00
00
00
00
00
00
00
00
00
00
00
00
00
00
00
00
00
00
00
00
00
00
00
00
00
00
00
00
00
00
00
00
00
00
00
00
00
00
00
00
00
00
00
00
00
00
00
00
00
00
00
00
00
00
00
00
00
00
00
00
00
00
00
00
00
00
00
00
00
00
00
00
00
00
00
00
00
00
00
00
00
3f
ff
fe
00
00
00
00
00
3f
ff
fe
00
00
00
00
00
3f
ff
fe
00
00
00
00
00
3f
ff
fe
00
00
00
00
00
3f
ff
fe
00
00
00
00
00
3f
ff
fe
00
00
00
00
00
3f
ff
fe
00
00
00
00
00
3f
ff
fe
00
00
00
00
00
3f
ff
fe
00
00
00
00
00
3f
ff
fe
00
00
00
00
00
3f
ff
fe
00
00
00
3f
00
3f
ff
fe
00
00
07
ff
00
3f
ff
fe
00
00
3f
ff
00
3f
ff
fe
00
01
ff
ff
00
3f
ff
fe
00
07
ff
c0
00
3f
ff
fe
00
1f
fc
00
00
3f
ff
fe
00
7f
c0
00
00
3f
ff
fe
00
ff
00
00
00
3f
ff
fe
01
fc
00
00
00
3f
ff
fe
07
f0
00
00
00
3f
ff
fe
0f
c0
00
00
00
00
00
00
1f
80
00
00
00
00
00
00
3f
00
00
00
00
00
00
00
7c
00
00
00
00
00
00
00
f8
00
00
00
00
00
00
01
f0
00
00
00
00
00
00
03
e0
00
00
00
00
00
00
07
c0
00
00
00
00
00
00
07
80
00
00
00
00
00
00
0f
80
00
00
00
00
00
00
1f
00
00
00
00
00
00
00
3e
00
00
00
00
00
00
00
3c
00
00
00
00
00
00
00
7c
00
00
00
00
00
00
00
78
00
00
00
00
00
00
00
f8
00
00
00
00
00
00
00
f0
00
00
00
00
00
00
01
f0
00
00
00
00
00
00
01
e0
00
00
00
00
00
00
01
e0
00
00
00
00
00
00
03
c0
00
00
00
00
00
00
03
c0
00
00
00
00
00
00
03
c0
00
00
00
00
00
00
07
c0
00
00
00
00
00
00
07
80
00
00
00
00
00
00
07
80
00
00
00
00
00
00
07
80
00
00
00
00
00
00
07
80
00
00
00
00
00
00
0f
00
00
00
00
00
00
00
0f
00
00
00
00
00
00
00
0f
00
00
00
00
00
00
00
0f
00
00
00
00
00
00
00
0f
00
00
00
00
00
00
00
0f
00
00
00
00
00
