c0
00
00
00
00
00
00
00
c0
00
00
00
00
00
00
00
c0
00
00
00
00
00
00
00
c0
00
00
00
00
00
00
00
c0
00
00
00
00
00
00
00
c0
00
00
00
00
00
00
00
c0
00
00
00
00
00
00
00
c0
00
00
00
00
00
00
00
c0
00
00
00
00
00
00
00
c0
00
00
00
00
00
00
00
c0
00
00
00
00
00
00
00
c0
00
00
00
00
00
00
00
c0
00
00
00
00
00
00
00
c0
00
00
00
00
00
00
00
c0
00
00
00
00
00
00
00
c0
00
00
00
00
00
00
00
c0
00
00
00
00
00
00
00
c0
00
00
00
00
00
00
00
c0
00
00
00
00
00
00
00
c0
00
00
00
00
00
00
00
fe
00
00
00
00
00
00
00
ff
f0
00
00
00
00
00
00
ff
fe
00
00
00
00
00
00
ff
ff
c0
00
00
00
00
00
c1
ff
f0
00
00
00
00
00
c0
1f
fc
00
00
00
00
00
c0
01
ff
00
00
00
00
00
c0
00
7f
80
00
00
00
00
c0
00
1f
c0
00
00
00
00
c0
00
07
f0
00
00
00
00
c0
00
01
f8
00
00
00
00
c0
00
00
fc
00
00
00
00
c0
00
00
7e
00
00
00
00
c0
00
00
1f
00
00
00
00
c0
00
00
0f
80
00
00
00
c0
00
00
07
c0
00
00
00
c0
00
00
03
e0
00
00
00
c0
00
00
01
f0
00
00
00
c0
00
00
00
f0
00
00
00
c0
00
00
00
f8
00
00
00
c0
00
00
00
7c
00
00
00
c0
00
00
00
3e
00
00
00
c0
00
00
00
1e
00
00
00
c0
00
00
00
1f
00
00
00
c0
00
00
00
0f
00
00
00
c0
00
00
00
0f
80
00
00
c0
00
00
00
07
80
00
00
c0
00
00
00
07
c0
00
00
c0
00
00
00
03
c0
00
00
c0
00
00
00
03
c0
00
00
c0
00
00
00
01
e0
00
00
c0
00
00
00
01
e0
00
00
c0
00
00
00
01
e0
00
00
c0
00
00
00
01
f0
00
00
c0
00
00
00
00
f0
00
00
c0
00
00
00
00
f0
00
00
c0
00
00
00
00
f0
00
00
c0
00
00
00
00
f0
00
00
c0
00
00
00
00
78
00
00
c0
00
00
00
00
78
00
00
c0
00
00
00
00
78
00
00
c0
00
00
00
00
78
00
00
c0
00
00
00
00
78
00
00
c0
00
00
00
00
78
00
00
